0 0.21703 0.128509 0.0181334 0.0233345
0 0.27067 0.0101454 0.0234593 0.0202908
0 0.57507 0.222185 0.0197819 0.0287453
0 0.37015 0.215928 0.0200355 0.0257017
0 0.390566 0.230555 0.0197819 0.0268854
0 0.649188 0.250507 0.0186406 0.0268854
0 0.55123 0.120815 0.0200355 0.0343253
0 0.855757 0.187944 0.0166117 0.022489
0 0.666878 0.150152 0.0192747 0.0273926
0 0.873447 0.00541089 0.0276439 0.0108218
0 0.260081 0.0263781 0.0225716 0.0328035
0 0.21126 0.240362 0.019021 0.0282381
0 0.493406 0.435999 0.0187674 0.026209
0 0.678354 0.215167 0.0247274 0.0322962
0 0.280053 0.0193608 0.0226985 0.0306053
0 0.703018 0.0103991 0.025615 0.0207981
0 0.825767 0.0101454 0.0213036 0.0202908
0 0.365014 0.207981 0.0201623 0.0263781
0 0.194395 0.0115827 0.0240933 0.0231654
0 0.893355 0.280521 0.0202891 0.0263781
0 0.4158 0.538806 0.019021 0.0248563
0 0.818603 0.286016 0.0166117 0.0214745
0 0.199658 0.273757 0.0186406 0.0270544
0 0.560931 0.0115827 0.0270099 0.0214745
0 0.217918 0.103906 0.0221912 0.0319581
0 0.711134 0.330402 0.0195283 0.0223199
0 0.881562 0.219226 0.019021 0.0235036
0 0.49404 0.257186 0.0230789 0.0277308
0 0.743343 0.305715 0.0169921 0.0213054
0 0.59631 0.205022 0.0204159 0.0285763
0 0.0907304 0.00853906 0.0254882 0.0170781
0 0.281258 0.166892 0.0251078 0.035509
0 0.583756 0.251437 0.0171189 0.0213054
0 0.261983 0.274518 0.0243469 0.0333108
0 0.499683 0.374789 0.0214304 0.0295908
0 0.742265 0.0958742 0.0196551 0.024349
0 0.724322 0.176446 0.0233325 0.0312817
0 0.661806 0.234613 0.0167385 0.0211363
0 0.329508 0.0923233 0.0196551 0.0277308
0 0.424486 0.090886 0.0209232 0.0302672
0 0.857279 0.105512 0.0224448 0.0307744
0 0.789944 0.209503 0.0186406 0.0267163
0 0.678354 0.00667907 0.0242201 0.0133581
0 0.672331 0.250592 0.0167385 0.0213054
0 0.505389 0.266317 0.0224448 0.0287453
0 0.239792 0.335729 0.0159777 0.0238417
0 0.924296 0.317213 0.0162313 0.0253635
0 0.389488 0.0939297 0.0219376 0.0309435
0 0.826591 0.395079 0.0224448 0.0292526
0 0.602016 0.23884 0.018387 0.0248563
0 0.366409 0.466436 0.0191479 0.0255326
0 0.376997 0.396601 0.0258686 0.0346635
0 0.847832 0.356611 0.0182602 0.0233345
0 0.842823 0.393304 0.0201623 0.0240108
0 0.39735 0.548529 0.0229521 0.0277308
0 0.886761 0.242137 0.0157241 0.0246872
0 0.787915 0.00760906 0.0232057 0.0152181
0 0.413898 0.22768 0.0213036 0.0285763
0 0.773586 0.0602807 0.0176262 0.0218126
0 0.800342 0.233683 0.0155973 0.0216436
0 0.794129 0.0500507 0.0186406 0.0236726
0 0.406924 0.18676 0.0220644 0.0272235
0 0.64456 0.157846 0.019021 0.0258708
0 0.904197 0.386963 0.0201623 0.0275617
0 0.612668 0.00794724 0.0267563 0.0158945
0 0.687865 0.0610416 0.0239665 0.0273926
0 0.272318 0.0490362 0.0214304 0.0324653
0 0.172838 0.0116672 0.0240933 0.0229963
0 0.461514 0.192847 0.0244738 0.0343253
0 0.533097 0.318397 0.0172458 0.0233345
0 0.277581 0.428559 0.019021 0.0238417
0 0.841238 0.124028 0.0258686 0.033649
0 0.529419 0.0766824 0.0195283 0.0258708
0 0.836609 0.435999 0.0214304 0.026209
0 0.247147 0.0132736 0.0218108 0.0251945
0 0.745181 0.0115827 0.0229521 0.0207981
0 0.862414 0.273334 0.02105 0.0278999
0 0.485354 0.238925 0.0232057 0.0311126
0 0.730472 0.0257017 0.018387 0.0236726
0 0.149696 0.01023 0.0247274 0.0204599
0 0.408255 0.488417 0.0204159 0.0272235
0 0.400203 0.00938451 0.0284048 0.018769
0 0.453272 0.130284 0.0244738 0.0329726
0 0.530878 0.149814 0.0196551 0.0297599
0 0.691415 0.332093 0.0178798 0.024349
0 0.202004 0.208827 0.0218108 0.031789
0 0.552181 0.294302 0.0229521 0.0312817
0 0.569363 0.248563 0.0205427 0.0287453
0 0.641517 0.0539398 0.0220644 0.0257017
0 0.860069 0.0146263 0.0199087 0.026209
0 0.146779 0.0938451 0.0209232 0.0290835
0 0.632577 0.215928 0.0201623 0.0277308
0 0.162884 0.0916469 0.0226985 0.0287453
0 0.460563 0.481907 0.0225716 0.0300981
0 0.227872 0.0164863 0.0248542 0.0316199
0 0.544699 0.174755 0.0219376 0.0312817
0 0.126934 0.0126818 0.0299265 0.0246872
0 0.538105 0.231231 0.0211768 0.0302672
0 0.688499 0.146432 0.0257418 0.0321272
0 0.533033 0.20257 0.0226985 0.0307744
0 0.766231 0.1756 0.0224448 0.0292526
0 0.723117 0.0110754 0.0214304 0.0194454
0 0.68349 0.0207136 0.0243469 0.0285763
0 0.73529 0.33835 0.0163581 0.0229963
0 0.504311 0.0565607 0.0248542 0.0289144
0 0.426642 0.470325 0.0206695 0.0275617
0 0.673916 0.277393 0.0196551 0.0255326
0 0.638346 0.236304 0.0197819 0.0251945
0 0.335975 0.116419 0.0259954 0.0295908
0 0.202574 0.107626 0.0229521 0.0268854
0 0.51471 0.0771052 0.0225716 0.0321272
0 0.4009 0.118025 0.0244738 0.0297599
0 0.0478062 0.154126 0.0220644 0.0268854
0 0.243343 0.309435 0.0207963 0.0304363
0 0.108103 0.144234 0.0234593 0.0311126
0 0.833249 0.374197 0.02105 0.0277308
0 0.476668 0.265049 0.0172458 0.0241799
0 0.440718 0.142881 0.024981 0.0331417
0 0.833946 0.307153 0.0209232 0.0272235
0 0.645257 0.197413 0.0206695 0.0275617
0 0.822534 0.4163 0.0209232 0.0270544
0 0.41301 0.107288 0.0235861 0.0326344
0 0.822914 0.0732161 0.0168653 0.0219817
0 0.816574 0.260399 0.0181334 0.0253635
0 0.652422 0.277308 0.0205427 0.0260399
0 0.885303 0.343422 0.0186406 0.0277308
0 0.529229 0.175347 0.0211768 0.0314508
0 0.690084 0.195215 0.0215572 0.0292526
0 0.799708 0.320088 0.0199087 0.0263781
0 0.797933 0.297683 0.0188942 0.026209
0 0.701496 0.213392 0.0202891 0.0260399
0 0.481169 0.478187 0.0206695 0.0277308
0 0.347071 0.0526716 0.0278975 0.0366926
0 0.869959 0.194454 0.0201623 0.0270544
0 0.227872 0.311633 0.0202891 0.0311126
0 0.87687 0.41165 0.0202891 0.0275617
0 0.860893 0.234021 0.0200355 0.024349
0 0.37668 0.107541 0.0232057 0.0294217
0 0.878202 0.435915 0.0201623 0.0277308
0 0.899125 0.224975 0.0191479 0.0235036
0 0.08737 0.029929 0.0233325 0.0300981
0 0.34612 0.0940142 0.0204159 0.0284072
0 0.772381 0.038468 0.0192747 0.026209
0 0.256657 0.134765 0.0291656 0.0351708
0 0.360956 0.174501 0.0199087 0.0257017
0 0.503424 0.227088 0.0263759 0.0365235
0 0.51788 0.31975 0.0235861 0.0328035
0 0.7474 0.175431 0.0220644 0.029929
0 0.81296 0.214068 0.0187674 0.0236726
0 0.338131 0.399899 0.0242201 0.031789
0 0.828684 0.237487 0.0225716 0.0302672
0 0.768324 0.216351 0.0251078 0.0302672
0 0.783223 0.310619 0.0201623 0.0290835
0 0.34054 0.139922 0.0239665 0.0333108
0 0.664405 0.0596889 0.0234593 0.0263781
0 0.257418 0.299121 0.0246006 0.0290835
0 0.208281 0.149391 0.0201623 0.033649
0 0.102016 0.0433717 0.0247274 0.0319581
0 0.403056 0.0812479 0.0206695 0.0268854
0 0.428608 0.523842 0.0220644 0.0284072
0 0.588701 0.22954 0.0201623 0.0272235
0 0.470898 0.0114981 0.0280243 0.0209672
0 0.610069 0.260737 0.0213036 0.0277308
0 0.814545 0.37259 0.0226985 0.0306053
0 0.838067 0.263358 0.0205427 0.0275617
0 0.910157 0.283564 0.0206695 0.0294217
0 0.475399 0.439635 0.0233325 0.0314508
0 0.785696 0.276209 0.0197819 0.026209
0 0.42512 0.499577 0.021684 0.0282381
0 0.121735 0.160298 0.0220644 0.0311126
0 0.765914 0.0138654 0.0248542 0.0277308
0 0.859625 0.320003 0.0238397 0.0319581
0 0.474956 0.184647 0.0234593 0.0344944
0 0.317208 0.33928 0.0239665 0.0316199
0 0.437421 0.452908 0.0209232 0.0289144
0 0.658002 0.0167399 0.0246006 0.0290835
0 0.198199 0.126987 0.0278975 0.0321272
0 0.420872 0.288468 0.0213036 0.0284072
0 0.147096 0.0283226 0.025615 0.0329726
0 0.121671 0.130538 0.024981 0.0314508
0 0.365902 0.086997 0.0244738 0.0312817
0 0.891073 0.399729 0.0215572 0.0287453
0 0.822217 0.35044 0.0213036 0.0275617
0 0.758877 0.347142 0.0221912 0.0284072
0 0.555668 0.0286608 0.025615 0.0289144
0 0.764076 0.297683 0.0204159 0.0265472
0 0.0478062 0.176699 0.0248542 0.031789
0 0.674486 0.302333 0.0215572 0.0287453
0 0.45492 0.456797 0.0229521 0.0319581
0 0.443761 0.104075 0.0254882 0.0319581
0 0.809346 0.0223199 0.0232057 0.0341562
0 0.80738 0.391698 0.0233325 0.0285763
0 0.449911 0.43118 0.0218108 0.0290835
0 0.762427 0.0976496 0.0229521 0.0302672
0 0.17772 0.13578 0.0234593 0.0324653
0 0.851699 0.252367 0.0229521 0.0319581
0 0.434631 0.4256 0.0191479 0.0277308
0 0.651027 0.0740616 0.0218108 0.0300981
0 0.24664 0.114728 0.0230789 0.0309435
0 0.541973 0.0692425 0.022318 0.0326344
0 0.439893 0.478864 0.0220644 0.0287453
0 0.618945 0.234613 0.0205427 0.0255326
0 0.18406 0.0996787 0.0237129 0.0289144
0 0.84054 0.222185 0.0219376 0.0290835
0 0.562896 0.143473 0.0233325 0.0302672
0 0.901027 0.341816 0.0224448 0.0333108
0 0.193507 0.157254 0.0220644 0.0338181
0 0.375412 0.299966 0.026249 0.0344944
0 0.7228 0.212546 0.0228253 0.0294217
0 0.84593 0.291596 0.02105 0.0275617
0 0.213226 0.266571 0.0239665 0.0329726
0 0.0661298 0.167653 0.0211768 0.0282381
0 0.635683 0.0124281 0.025615 0.0248563
0 0.608103 0.321948 0.0221912 0.0304363
0 0.678481 0.180504 0.0206695 0.0275617
0 0.68983 0.0355935 0.0228253 0.0285763
0 0.519528 0.213392 0.0225716 0.0304363
0 0.736622 0.193524 0.0213036 0.0309435
0 0.731486 0.0456544 0.0237129 0.0284072
0 0.66859 0.0408353 0.0244738 0.0278999
0 0.0847071 0.179658 0.025615 0.0319581
0 0.0835024 0.057068 0.0247274 0.033649
0 0.106708 0.0192763 0.0244738 0.0314508
0 0.770162 0.372506 0.0219376 0.0287453
0 0.402993 0.206544 0.0243469 0.0312817
0 0.802625 0.347142 0.0221912 0.0300981
0 0.579888 0.132736 0.0261222 0.0307744
0 0.490489 0.209587 0.0248542 0.0329726
0 0.0695536 0.0134427 0.0267563 0.0268854
0 0.627441 0.028999 0.0225716 0.0309435
0 0.616028 0.195637 0.0220644 0.0270544
0 0.444966 0.502283 0.0230789 0.0285763
0 0.513632 0.153788 0.0234593 0.0339871
0 0.760208 0.19606 0.0228253 0.0302672
0 0.158255 0.154549 0.025615 0.0304363
0 0.466269 0.418752 0.0218108 0.0316199
0 0.176579 0.167061 0.0234593 0.0314508
0 0.157241 0.111684 0.0240933 0.0285763
0 0.708407 0.049628 0.0226985 0.0278999
0 0.811945 0.175093 0.022318 0.0275617
0 0.6114 0.215928 0.0221912 0.0273926
0 0.176706 0.11625 0.0214304 0.0275617
0 0.543685 0.123859 0.0237129 0.0339871
0 0.220327 0.208657 0.0257418 0.0338181
0 0.280053 0.317129 0.0244738 0.029929
0 0.472419 0.296246 0.0239665 0.0338181
0 0.299582 0.454346 0.0219376 0.028069
0 0.609371 0.152435 0.0242201 0.0295908
0 0.8763 0.387555 0.0234593 0.0290835
0 0.199784 0.0855597 0.0247274 0.0307744
0 0.700672 0.17932 0.021684 0.0289144
0 0.123764 0.0338181 0.0261222 0.0351708
0 0.487002 0.284663 0.0237129 0.0343253
0 0.55757 0.114897 0.0213036 0.0356781
0 0.347324 0.24535 0.0233325 0.0348326
0 0.447375 0.357034 0.02105 0.0275617
0 0.873764 0.250592 0.0239665 0.0368617
0 0.25615 0.331755 0.0263759 0.0307744
0 0.785062 0.39491 0.0218108 0.0295908
0 0.248795 0.251691 0.0263759 0.0343253
0 0.882387 0.296331 0.0254882 0.0326344
0 0.188625 0.0303517 0.0254882 0.0333108
0 0.647477 0.0343253 0.0266295 0.0314508
0 0.62928 0.306645 0.0224448 0.0275617
0 0.656353 0.181265 0.0240933 0.0297599
0 0.19541 0.246703 0.025615 0.0371999
0 0.482818 0.407761 0.0206695 0.0289144
0 0.781131 0.192763 0.0253614 0.0324653
0 0.712846 0.193608 0.0221912 0.0314508
0 0.426072 0.206713 0.0220644 0.0285763
0 0.274601 0.19048 0.0209232 0.0268854
0 0.408889 0.339871 0.0265027 0.0338181
0 0.894497 0.422218 0.0228253 0.0307744
0 0.360956 0.199865 0.0242201 0.0311126
0 0.859561 0.408776 0.0209232 0.0282381
0 0.137395 0.118363 0.0259954 0.0314508
0 0.8465 0.0289144 0.024981 0.0324653
0 0.855567 0.378509 0.0230789 0.0292526
0 0.500761 0.404549 0.0218108 0.0302672
0 0.891834 0.369293 0.0243469 0.0311126
0 0.0483135 0.054278 0.0253614 0.0351708
0 0.441225 0.0797261 0.0254882 0.0316199
0 0.280053 0.292357 0.0247274 0.0328035
0 0.654388 0.140345 0.0211768 0.0294217
0 0.414976 0.258962 0.0229521 0.0309435
0 0.891263 0.071187 0.0247274 0.0324653
0 0.568412 0.326767 0.021684 0.026209
0 0.608674 0.296753 0.0220644 0.0277308
0 0.106962 0.180335 0.0257418 0.0322962
0 0.667575 0.200457 0.024981 0.0312817
0 0.785506 0.340041 0.0244738 0.0328035
0 0.364126 0.517501 0.0252346 0.0326344
0 0.510018 0.0285763 0.025615 0.0358471
0 0.709549 0.0266317 0.0234593 0.0285763
0 0.241884 0.0356781 0.024981 0.0311126
0 0.128582 0.0973115 0.0253614 0.0322962
0 0.518324 0.380538 0.0219376 0.0302672
0 0.156733 0.132651 0.0238397 0.0278999
0 0.187104 0.22117 0.0237129 0.0314508
0 0.390439 0.378001 0.0273903 0.0356781
0 0.630421 0.282465 0.0224448 0.0275617
0 0.899696 0.254058 0.0213036 0.0285763
0 0.630865 0.148039 0.0218108 0.0309435
0 0.311438 0.317044 0.0220644 0.0307744
0 0.869325 0.361346 0.024981 0.0321272
0 0.529102 0.352638 0.0199087 0.026209
0 0.0665103 0.139246 0.0254882 0.0350017
0 0.436787 0.231062 0.021684 0.0295908
0 0.754058 0.0519107 0.0237129 0.0321272
0 0.859371 0.212885 0.0238397 0.0307744
0 0.513378 0.183632 0.0252346 0.0358471
0 0.583819 0.014119 0.0266295 0.0282381
0 0.532463 0.0999324 0.0296728 0.0348326
0 0.491187 0.0161481 0.0267563 0.0306053
0 0.382133 0.454346 0.021684 0.0311126
0 0.305034 0.365489 0.0221912 0.0302672
0 0.62053 0.0515725 0.0239665 0.0294217
0 0.602523 0.0242645 0.0265027 0.0306053
0 0.598402 0.0486135 0.0253614 0.029929
0 0.396906 0.319919 0.0246006 0.0314508
0 0.139107 0.165032 0.0248542 0.0371999
0 0.210943 0.0352553 0.0265027 0.0387217
0 0.756594 0.140345 0.021684 0.0300981
0 0.0814101 0.156409 0.0238397 0.0334799
0 0.458154 0.164525 0.0240933 0.0331417
0 0.446044 0.406831 0.0226985 0.0294217
0 0.793114 0.36811 0.0247274 0.0328035
0 0.548821 0.344437 0.0220644 0.0300981
0 0.38524 0.130369 0.0230789 0.0304363
0 0.784111 0.0968042 0.0242201 0.0319581
0 0.231169 0.0612952 0.0246006 0.0346635
0 0.335912 0.0331417 0.0291656 0.0382144
0 0.381816 0.194877 0.0220644 0.029929
0 0.600304 0.133159 0.0235861 0.0346635
0 0.420175 0.446145 0.0252346 0.0353399
0 0.298821 0.421627 0.0211768 0.0268854
0 0.186723 0.189719 0.0292924 0.0368617
0 0.509003 0.348495 0.0225716 0.0287453
0 0.136381 0.0729625 0.028278 0.0360162
0 0.253994 0.361684 0.0258686 0.031789
0 0.805098 0.0924078 0.0218108 0.0309435
0 0.324436 0.253889 0.0221912 0.0353399
0 0.575957 0.0433717 0.0248542 0.0316199
0 0.651091 0.299121 0.0219376 0.0284072
0 0.0666371 0.191833 0.0247274 0.0316199
0 0.831981 0.0490362 0.0248542 0.0311126
0 0.696297 0.108641 0.0233325 0.0316199
0 0.73231 0.142797 0.0263759 0.0326344
0 0.841745 0.415793 0.0246006 0.0311126
0 0.569173 0.350017 0.0232057 0.0290835
0 0.506721 0.295147 0.0243469 0.0322962
0 0.401788 0.436676 0.0237129 0.0302672
0 0.833376 0.460264 0.0228253 0.0314508
0 0.275552 0.350271 0.0235861 0.0316199
0 0.89177 0.316622 0.0242201 0.0309435
0 0.379597 0.425347 0.0239665 0.0312817
0 0.574753 0.110247 0.026249 0.0344944
0 0.588828 0.338772 0.0244738 0.0302672
0 0.2623 0.164187 0.0237129 0.0324653
0 0.460056 0.389415 0.0235861 0.0311126
0 0.405339 0.141359 0.0275171 0.0328035
0 0.34016 0.18862 0.0234593 0.0333108
0 0.465001 0.249746 0.0261222 0.0304363
0 0.325704 0.295739 0.0257418 0.037538
0 0.268577 0.384427 0.0266295 0.0343253
0 0.362097 0.373605 0.0280243 0.0370308
0 0.294509 0.334968 0.0252346 0.0344944
0 0.79844 0.141021 0.0252346 0.0358471
0 0.460373 0.273757 0.0239665 0.0300981
0 0.817969 0.441748 0.0239665 0.0326344
0 0.213226 0.17932 0.0247274 0.0339871
0 0.588765 0.312648 0.0243469 0.0304363
0 0.776946 0.133835 0.0243469 0.0360162
0 0.181144 0.0731316 0.0254882 0.037369
0 0.232437 0.232246 0.0261222 0.0346635
0 0.254882 0.0538553 0.0253614 0.0363544
0 0.159587 0.0685661 0.0270099 0.0360162
0 0.296919 0.185492 0.0244738 0.0338181
0 0.461134 0.0963815 0.0239665 0.035509
0 0.667702 0.332262 0.0239665 0.0304363
0 0.386127 0.0249408 0.0278975 0.037369
0 0.395511 0.294302 0.0251078 0.0339871
0 0.248732 0.0853906 0.0287852 0.0361853
0 0.477492 0.376057 0.0234593 0.0328035
0 0.307887 0.247125 0.0225716 0.033649
0 0.629914 0.0742306 0.0244738 0.0324653
0 0.0682856 0.0793879 0.026249 0.0360162
0 0.300406 0.298106 0.0261222 0.0361853
0 0.44281 0.175854 0.0243469 0.035509
0 0.622939 0.335644 0.0239665 0.0311126
0 0.470517 0.221762 0.0280243 0.0353399
0 0.859625 0.434139 0.0248542 0.029929
0 0.821202 0.138654 0.0258686 0.035509
0 0.853474 0.458488 0.0237129 0.0329726
0 0.0474258 0.0902942 0.0266295 0.0382144
0 0.52682 0.0486135 0.024981 0.0350017
0 0.645828 0.330741 0.0225716 0.031789
0 0.378392 0.272489 0.0240933 0.0326344
0 0.226414 0.151843 0.0272635 0.0361853
0 0.590604 0.277562 0.0224448 0.0295908
0 0.425691 0.156747 0.028912 0.0382144
0 0.495245 0.161566 0.0277707 0.0390599
0 0.316574 0.140429 0.0257418 0.0360162
0 0.0678417 0.0433717 0.0266295 0.0366926
0 0.397857 0.406916 0.0267563 0.0343253
0 0.456632 0.307322 0.0246006 0.0333108
0 0.362985 0.254819 0.026249 0.0358471
0 0.422331 0.360247 0.0272635 0.0346635
0 0.570758 0.298783 0.0240933 0.0314508
0 0.496766 0.325668 0.0247274 0.0341562
0 0.344154 0.361177 0.025615 0.0382144
0 0.348275 0.300473 0.0290388 0.0402435
0 0.287979 0.253466 0.0233325 0.0348326
0 0.377631 0.35416 0.0296728 0.0383835
0 0.502917 0.109317 0.0291656 0.0387217
0 0.800723 0.417907 0.0280243 0.0363544
0 0.318476 0.193524 0.0259954 0.0360162
0 0.235671 0.180504 0.0292924 0.0380453
